0 0.393116 0.0833333 0.105072 0.0772358
0 0.916667 0.0995935 0.0942029 0.0853659
0 0.860507 0.743902 0.199275 0.260163
0 0.411232 0.54065 0.221014 0.178862
0 0.293478 0.52439 0.210145 0.186992
0 0.371377 0.20122 0.141304 0.0934959
0 0.302536 0.292683 0.163043 0.105691
0 0.202899 0.292683 0.188406 0.105691
1 0.481884 0.0813008 0.108696 0.0813008
1 0.567029 0.0813008 0.105072 0.0813008
1 0.655797 0.0813008 0.101449 0.0894309
1 0.742754 0.0853659 0.108696 0.0894309
1 0.82971 0.0853659 0.101449 0.0894309
1 0.896739 0.223577 0.119565 0.097561
1 0.893116 0.313008 0.134058 0.105691
1 0.793478 0.207317 0.130435 0.105691
1 0.777174 0.298781 0.141304 0.117886
0 0.679348 0.215447 0.134058 0.105691
1 0.577899 0.207317 0.134058 0.105691
1 0.532609 0.298781 0.144928 0.117886
1 0.469203 0.197154 0.105072 0.101626
1 0.414855 0.29065 0.134058 0.117886
1 0.271739 0.186992 0.123188 0.121951
1 0.101449 0.264228 0.202899 0.146341
1 0.157609 0.510163 0.228261 0.191057
1 0.57971 0.536585 0.188406 0.195122
1 0.71558 0.54065 0.177536 0.211382
1 0.882246 0.522358 0.184783 0.207317
1 0.681159 0.745935 0.224638 0.231707
1 0.51087 0.727642 0.253623 0.252033
1 0.32971 0.727642 0.253623 0.243902
1 0.143116 0.713415 0.25 0.223577
1 0.0471014 0.686992 0.0942029 0.276423
1 0.0380435 0.48374 0.076087 0.154472
