0 0.210938 0.0559896 0.0585938 0.0390625
1 0.260742 0.0533854 0.0566406 0.0494792
1 0.304688 0.0546875 0.0625 0.046875
1 0.352539 0.0546875 0.0566406 0.0520833
1 0.401367 0.0533854 0.0566406 0.0546875
1 0.447266 0.0559896 0.0546875 0.0546875
1 0.586914 0.0664063 0.0566406 0.0598958
1 0.635742 0.0703125 0.0605469 0.0520833
1 0.678711 0.0742188 0.0605469 0.0546875
1 0.725586 0.0807292 0.0605469 0.0520833
1 0.773438 0.0807292 0.0507813 0.0572917
1 0.658203 0.138021 0.0664063 0.0677083
1 0.713867 0.140625 0.0605469 0.0625
1 0.769531 0.143229 0.0585938 0.0677083
1 0.830078 0.145833 0.0664063 0.0572917
1 0.676758 0.204427 0.0800781 0.0807292
1 0.743164 0.216146 0.0761719 0.0833333
1 0.802734 0.21875 0.0742188 0.078125
1 0.865234 0.217448 0.0742188 0.0807292
0 0.496094 0.0651042 0.0546875 0.0572917
1 0.0341797 0.09375 0.0527344 0.0572917
1 0.0908203 0.114583 0.0566406 0.0833333
1 0.147461 0.122396 0.0644531 0.0729167
1 0.257813 0.119792 0.0429688 0.0677083
1 0.318359 0.122396 0.0625 0.0677083
1 0.427734 0.13151 0.0664063 0.0807292
1 0.488281 0.138021 0.0585938 0.0729167
0 0.196289 0.126302 0.0644531 0.0703125
0 0.37207 0.135417 0.0644531 0.0729167
0 0.111328 0.182292 0.0976563 0.078125
0 0.166016 0.18099 0.078125 0.0807292
1 0.0136719 0.160156 0.0273438 0.101563
1 0.0527344 0.166667 0.0898438 0.09375
1 0.225586 0.183594 0.0761719 0.0807292
1 0.292969 0.186198 0.078125 0.0755208
1 0.357422 0.184896 0.0625 0.0885417
1 0.419922 0.184896 0.0703125 0.09375
1 0.480469 0.191406 0.0742188 0.0859375
1 0.0205078 0.308594 0.0410156 0.0911458
1 0.0869141 0.317708 0.119141 0.125
1 0.31543 0.34375 0.107422 0.135417
1 0.391602 0.345052 0.0996094 0.138021
1 0.473633 0.346354 0.0957031 0.140625
1 0.724609 0.36849 0.117188 0.127604
1 0.804688 0.365885 0.117188 0.132813
1 0.881836 0.369792 0.103516 0.140625
1 0.958008 0.367188 0.0800781 0.109375
1 0.977539 0.470052 0.0449219 0.174479
1 0.93457 0.486979 0.123047 0.15625
1 0.857422 0.492188 0.128906 0.171875
1 0.759766 0.494792 0.132813 0.161458
1 0.368164 0.471354 0.130859 0.161458
1 0.272461 0.457031 0.126953 0.179688
1 0.182617 0.455729 0.138672 0.171875
1 0.0830078 0.446615 0.130859 0.174479
1 0.0332031 0.442708 0.0625 0.1875
0 0.157227 0.335938 0.123047 0.119792
0 0.229492 0.345052 0.0996094 0.122396
0 0.463867 0.473958 0.115234 0.171875
1 0.0742188 0.852865 0.144531 0.294271
1 0.166016 0.848958 0.207031 0.302083
1 0.301758 0.848958 0.185547 0.302083
1 0.871094 0.867188 0.195313 0.265625
