1 0.0317383 0.136364 0.0634766 0.0821114
1 0.113281 0.142962 0.121094 0.0659824
1 0.217773 0.145161 0.126953 0.0557185
1 0.337891 0.145161 0.134766 0.058651
1 0.447754 0.143695 0.12207 0.0615836
1 0.564453 0.142962 0.121094 0.0601173
1 0.675781 0.143695 0.126953 0.0557185
1 0.786133 0.141496 0.128906 0.0513196
1 0.895996 0.142229 0.141602 0.0527859
1 0.774902 0.0953079 0.125977 0.0527859
1 0.559082 0.101906 0.124023 0.0571848
1 0.450195 0.0967742 0.125 0.0527859
1 0.342773 0.101173 0.126953 0.0498534
1 0.232422 0.0989736 0.117188 0.0513196
1 0.0600586 0.269062 0.114258 0.0601173
1 0.162598 0.334311 0.151367 0.0733138
1 0.288086 0.330645 0.167969 0.0718475
1 0.428223 0.329179 0.145508 0.0747801
1 0.570313 0.332111 0.171875 0.0747801
1 0.436035 0.270528 0.15332 0.0630499
1 0.311523 0.257331 0.128906 0.0747801
1 0.694336 0.269795 0.160156 0.0703812
1 0.925781 0.264663 0.148438 0.0571848
1 0.932129 0.328446 0.135742 0.0674487
1 0.0893555 0.601173 0.172852 0.108504
1 0.23877 0.593842 0.19043 0.105572
1 0.411621 0.60044 0.194336 0.118768
1 0.569336 0.596774 0.207031 0.123167
1 0.729492 0.591642 0.195313 0.118768
1 0.891602 0.594575 0.203125 0.115836
1 0.917969 0.85044 0.164063 0.152493
1 0.925781 0.959677 0.144531 0.0806452
1 0.766602 0.86217 0.269531 0.143695
1 0.775879 0.958211 0.250977 0.0835777
1 0.576172 0.956745 0.251953 0.0777126
1 0.390625 0.86437 0.246094 0.151026
1 0.375 0.968475 0.273438 0.0630499
1 0.185059 0.861437 0.225586 0.136364
1 0.157715 0.967009 0.241211 0.0659824
1 0.059082 0.859238 0.116211 0.152493
0 0.182129 0.263196 0.141602 0.0777126
0 0.703125 0.328446 0.179688 0.0733138
0 0.262695 0.502199 0.185547 0.104106
0 0.114746 0.501466 0.163086 0.102639
0 0.0571289 0.334311 0.112305 0.085044
0 0.57666 0.865103 0.268555 0.16129
1 0.414551 0.500733 0.200195 0.107038
1 0.571289 0.497067 0.191406 0.120235
1 0.722656 0.5 0.1875 0.117302
1 0.880371 0.497801 0.211914 0.118768
