1 0.14625 0.145299 0.085 0.0769231
1 0.2175 0.145299 0.0775 0.0940171
1 0.27625 0.151709 0.1075 0.0940171
1 0.34 0.152778 0.1025 0.0961538
1 0.421875 0.172009 0.09125 0.0961538
1 0.49625 0.182692 0.09 0.113248
1 0.57125 0.198718 0.1125 0.115385
1 0.828125 0.278846 0.09125 0.104701
1 0.915625 0.297009 0.10625 0.0940171
1 0.930625 0.455128 0.13875 0.209402
1 0.923125 0.649573 0.15375 0.277778
1 0.796875 0.424145 0.16125 0.237179
1 0.68625 0.179487 0.1 0.0982906
1 0.764375 0.19765 0.09125 0.108974
1 0.541875 0.352564 0.13875 0.222222
1 0.415625 0.285256 0.14875 0.151709
1 0.3125 0.270299 0.145 0.143162
1 0.215625 0.240385 0.12625 0.138889
1 0.146875 0.225427 0.13375 0.121795
1 0.04125 0.220085 0.0825 0.106838
1 0.065 0.369658 0.13 0.213675
1 0.134375 0.422009 0.24625 0.254274
1 0.25 0.455128 0.2425 0.260684
1 0.423125 0.488248 0.28875 0.318376
0 0.57875 0.582265 0.275 0.275641
0 0.750625 0.629274 0.23875 0.301282
